[app/ui]
version = 7.2.1
modtime = 1544619371.988466000

[app/launcher]
version = 7.2.1
modtime = 1544619371.989652000
